1) [35, 22, 99, 51, 81, 4, 81, 39, 31, 35]
[4, 22, 35, 31, 35, 39, 81, 51, 81, 99] 
time= 3.680000008898787e-05
count= 17

1) [99, 81, 81, 51, 39, 35, 35, 31, 22, 4]
[4, 31, 35, 35, 22, 39, 51, 81, 81, 99] 
time= 1.849999898695387e-05
count= 23

1) [4, 22, 31, 35, 35, 39, 51, 81, 81, 99]
[4, 22, 31, 35, 35, 39, 51, 81, 81, 99] 
time= 1.5699999494245276e-05
count= 16

2) [91, 76, 59, 100, 75, 24, 92, 76, 60, 3]
[3, 24, 59, 60, 75, 76, 76, 91, 92, 100] 
time= 1.6999998479150236e-05
count= 24

2) [100, 92, 91, 76, 76, 75, 60, 59, 24, 3]
[3, 59, 60, 75, 76, 24, 76, 91, 92, 100] 
time= 1.799999881768599e-05
count= 25

2) [3, 24, 59, 60, 75, 76, 76, 91, 92, 100]
[3, 24, 59, 60, 75, 76, 76, 91, 92, 100] 
time= 1.4199998986441642e-05
count= 16

3) [69, 5, 29, 44, 23, 84, 11, 38, 66, 78]
[5, 23, 11, 29, 38, 44, 66, 69, 78, 84] 
time= 1.6699999832781032e-05
count= 17

3) [84, 78, 69, 66, 44, 38, 29, 23, 11, 5]
[5, 23, 29, 38, 11, 44, 66, 69, 78, 84] 
time= 1.7499998648418114e-05
count= 24

3) [5, 11, 23, 29, 38, 44, 66, 69, 78, 84]
[5, 11, 23, 29, 38, 44, 66, 69, 78, 84] 
time= 1.4299999747890979e-05
count= 16

4) [60, 67, 67, 76, 58, 66, 57, 59, 10, 20]
[10, 20, 57, 59, 60, 66, 67, 58, 67, 76] 
time= 1.5800000255694613e-05
count= 23

4) [76, 67, 67, 66, 60, 59, 58, 57, 20, 10]
[10, 57, 58, 59, 20, 60, 66, 67, 67, 76] 
time= 1.6500001947861165e-05
count= 23

4) [10, 20, 57, 58, 59, 60, 66, 67, 67, 76]
[10, 20, 57, 58, 59, 60, 66, 67, 67, 76] 
time= 1.3699998817173764e-05
count= 16

5) [1, 79, 96, 87, 60, 18, 38, 22, 48, 36]
[1, 18, 22, 36, 38, 48, 60, 79, 87, 96] 
time= 1.4799999917158857e-05
count= 17

5) [96, 87, 79, 60, 48, 38, 36, 22, 18, 1]
[1, 22, 36, 38, 18, 48, 60, 79, 87, 96] 
time= 1.5800000255694613e-05
count= 24

5) [1, 18, 22, 36, 38, 48, 60, 79, 87, 96]
[1, 18, 22, 36, 38, 48, 60, 79, 87, 96] 
time= 1.2800002878066152e-05
count= 16

6) [36, 78, 46, 33, 12, 64, 41, 41, 50, 39]
[12, 33, 36, 39, 41, 41, 46, 50, 64, 78] 
time= 1.3700002455152571e-05
count= 18

6) [78, 64, 50, 46, 41, 41, 39, 36, 33, 12]
[12, 36, 39, 41, 33, 41, 46, 50, 64, 78] 
time= 1.5700003132224083e-05
count= 24

6) [12, 33, 36, 39, 41, 41, 46, 50, 64, 78]
[12, 33, 36, 39, 41, 41, 46, 50, 64, 78] 
time= 1.309999788645655e-05
count= 17

7) [41, 7, 32, 87, 63, 5, 4, 15, 36, 16]
[4, 5, 7, 15, 16, 32, 41, 36, 63, 87] 
time= 1.5600002370774746e-05
count= 17

7) [87, 63, 41, 36, 32, 16, 15, 7, 5, 4]
[4, 7, 15, 16, 5, 32, 36, 41, 63, 87] 
time= 1.5699999494245276e-05
count= 24

7) [4, 5, 7, 15, 16, 32, 36, 41, 63, 87]
[4, 5, 7, 15, 16, 32, 36, 41, 63, 87] 
time= 1.300000076298602e-05
count= 16

8) [16, 18, 12, 75, 60, 29, 97, 78, 28, 20]
[16, 18, 12, 20, 29, 60, 28, 75, 78, 97] 
time= 1.5400000847876072e-05
count= 17

8) [97, 78, 75, 60, 29, 28, 20, 18, 16, 12]
[12, 18, 20, 28, 16, 29, 60, 75, 78, 97] 
time= 1.590000101714395e-05
count= 24

8) [12, 16, 18, 20, 28, 29, 60, 75, 78, 97]
[12, 16, 18, 20, 28, 29, 60, 75, 78, 97] 
time= 1.2799999240087345e-05
count= 16

9) [98, 97, 98, 29, 60, 84, 33, 48, 71, 96]
[29, 33, 48, 60, 84, 71, 96, 97, 98, 98] 
time= 1.4000001101521775e-05
count= 17

9) [98, 98, 97, 96, 84, 71, 60, 48, 33, 29]
[29, 48, 60, 71, 33, 84, 96, 97, 98, 98] 
time= 1.4400000509340316e-05
count= 24

9) [29, 33, 48, 60, 71, 84, 96, 97, 98, 98]
[29, 33, 48, 60, 71, 84, 96, 97, 98, 98] 
time= 1.1600001016631722e-05
count= 16

10) [42, 68, 73, 26, 99, 69, 58, 26, 33, 63]
[26, 26, 42, 58, 33, 63, 68, 69, 73, 99] 
time= 1.3900000340072438e-05
count= 17

10) [99, 73, 69, 68, 63, 58, 42, 33, 26, 26]
[26, 26, 33, 42, 58, 68, 63, 69, 73, 99] 
time= 1.4200002624420449e-05
count= 22

10) [26, 26, 33, 42, 58, 63, 68, 69, 73, 99]
[26, 26, 33, 42, 58, 63, 68, 69, 73, 99] 
time= 1.2700002116616815e-05
count= 16

