1) [58, 10, 7, 69, 52, 3, 87, 53, 79, 41]
[3, 7, 10, 41, 52, 53, 58, 69, 79, 87] 
time= 2.9100003303028643e-05
swapping = 10 , comparison = 55

1) [87, 79, 69, 58, 53, 52, 41, 10, 7, 3]
[3, 7, 10, 41, 52, 53, 58, 69, 79, 87] 
time= 1.9899998733308166e-05
swapping = 10 , comparison = 55

1) [3, 7, 10, 41, 52, 53, 58, 69, 79, 87]
[3, 7, 10, 41, 52, 53, 58, 69, 79, 87] 
time= 1.720000000204891e-05
swapping = 10 , comparison = 55

2) [29, 64, 79, 90, 71, 71, 46, 33, 41, 9]
[9, 29, 33, 41, 46, 64, 71, 71, 79, 90] 
time= 2.4000000848900527e-05
swapping = 10 , comparison = 55

2) [90, 79, 71, 71, 64, 46, 41, 33, 29, 9]
[9, 29, 33, 41, 46, 64, 71, 71, 79, 90] 
time= 1.630000042496249e-05
swapping = 10 , comparison = 55

2) [9, 29, 33, 41, 46, 64, 71, 71, 79, 90]
[9, 29, 33, 41, 46, 64, 71, 71, 79, 90] 
time= 1.5099998563528061e-05
swapping = 10 , comparison = 55

3) [24, 17, 12, 23, 73, 1, 8, 77, 24, 39]
[1, 8, 12, 17, 23, 24, 24, 39, 73, 77] 
time= 1.6800004232209176e-05
swapping = 10 , comparison = 55

3) [77, 73, 39, 24, 24, 23, 17, 12, 8, 1]
[1, 8, 12, 17, 23, 24, 24, 39, 73, 77] 
time= 1.5599995094817132e-05
swapping = 10 , comparison = 55

3) [1, 8, 12, 17, 23, 24, 24, 39, 73, 77]
[1, 8, 12, 17, 23, 24, 24, 39, 73, 77] 
time= 1.5099998563528061e-05
swapping = 10 , comparison = 55

4) [45, 72, 75, 76, 84, 42, 71, 15, 89, 86]
[15, 42, 45, 71, 72, 75, 76, 84, 86, 89] 
time= 1.6400001186411828e-05
swapping = 10 , comparison = 55

4) [89, 86, 84, 76, 75, 72, 71, 45, 42, 15]
[15, 42, 45, 71, 72, 75, 76, 84, 86, 89] 
time= 1.6199999663513154e-05
swapping = 10 , comparison = 55

4) [15, 42, 45, 71, 72, 75, 76, 84, 86, 89]
[15, 42, 45, 71, 72, 75, 76, 84, 86, 89] 
time= 1.4400000509340316e-05
swapping = 10 , comparison = 55

5) [86, 75, 55, 88, 85, 57, 44, 51, 89, 66]
[44, 51, 55, 57, 66, 75, 85, 86, 88, 89] 
time= 1.5600002370774746e-05
swapping = 10 , comparison = 55

5) [89, 88, 86, 85, 75, 66, 57, 55, 51, 44]
[44, 51, 55, 57, 66, 75, 85, 86, 88, 89] 
time= 1.5600002370774746e-05
swapping = 10 , comparison = 55

5) [44, 51, 55, 57, 66, 75, 85, 86, 88, 89]
[44, 51, 55, 57, 66, 75, 85, 86, 88, 89] 
time= 1.4700002793688327e-05
swapping = 10 , comparison = 55

6) [90, 70, 46, 99, 83, 85, 13, 17, 5, 93]
[5, 13, 17, 46, 70, 83, 85, 90, 93, 99] 
time= 1.3799995940644294e-05
swapping = 10 , comparison = 55

6) [99, 93, 90, 85, 83, 70, 46, 17, 13, 5]
[5, 13, 17, 46, 70, 83, 85, 90, 93, 99] 
time= 1.4500001270789653e-05
swapping = 10 , comparison = 55

6) [5, 13, 17, 46, 70, 83, 85, 90, 93, 99]
[5, 13, 17, 46, 70, 83, 85, 90, 93, 99] 
time= 1.599999814061448e-05
swapping = 10 , comparison = 55

7) [10, 1, 73, 15, 66, 53, 16, 52, 34, 25]
[1, 10, 15, 16, 25, 34, 52, 53, 66, 73] 
time= 1.5000005078036338e-05
swapping = 10 , comparison = 55

7) [73, 66, 53, 52, 34, 25, 16, 15, 10, 1]
[1, 10, 15, 16, 25, 34, 52, 53, 66, 73] 
time= 1.1800002539530396e-05
swapping = 10 , comparison = 55

7) [1, 10, 15, 16, 25, 34, 52, 53, 66, 73]
[1, 10, 15, 16, 25, 34, 52, 53, 66, 73] 
time= 1.0399999155197293e-05
swapping = 10 , comparison = 55

8) [65, 99, 38, 63, 100, 45, 94, 31, 84, 78]
[31, 38, 45, 63, 65, 78, 84, 94, 99, 100] 
time= 1.1500000255182385e-05
swapping = 10 , comparison = 55

8) [100, 99, 94, 84, 78, 65, 63, 45, 38, 31]
[31, 38, 45, 63, 65, 78, 84, 94, 99, 100] 
time= 1.1300006008241326e-05
swapping = 10 , comparison = 55

8) [31, 38, 45, 63, 65, 78, 84, 94, 99, 100]
[31, 38, 45, 63, 65, 78, 84, 94, 99, 100] 
time= 1.030000566970557e-05
swapping = 10 , comparison = 55

9) [17, 11, 43, 39, 46, 34, 52, 37, 32, 75]
[11, 17, 32, 34, 37, 39, 43, 46, 52, 75] 
time= 1.0899995686486363e-05
swapping = 10 , comparison = 55

9) [75, 52, 46, 43, 39, 37, 34, 32, 17, 11]
[11, 17, 32, 34, 37, 39, 43, 46, 52, 75] 
time= 1.1199997970834374e-05
swapping = 10 , comparison = 55

9) [11, 17, 32, 34, 37, 39, 43, 46, 52, 75]
[11, 17, 32, 34, 37, 39, 43, 46, 52, 75] 
time= 1.0200004908256233e-05
swapping = 10 , comparison = 55

10) [49, 12, 43, 79, 2, 66, 63, 18, 34, 59]
[2, 12, 18, 34, 43, 49, 59, 63, 66, 79] 
time= 1.09999964479357e-05
swapping = 10 , comparison = 55

10) [79, 66, 63, 59, 49, 43, 34, 18, 12, 2]
[2, 12, 18, 34, 43, 49, 59, 63, 66, 79] 
time= 1.1399999493733048e-05
swapping = 10 , comparison = 55

10) [2, 12, 18, 34, 43, 49, 59, 63, 66, 79]
[2, 12, 18, 34, 43, 49, 59, 63, 66, 79] 
time= 1.030000566970557e-05
swapping = 10 , comparison = 55

